t	y
0.000	0.000
0.033	0.001
0.067	0.007
0.101	0.016
0.134	0.034
0.168	0.044
0.201	0.047
0.235	0.043
0.268	0.039
0.302	0.037
0.335	0.040
0.369	0.045
0.402	0.054
0.436	0.059
0.470	0.064
0.503	0.065
0.537	0.064
0.570	0.065
0.604	0.067
0.637	0.069
0.670	0.074
0.704	0.079
0.737	0.082
0.771	0.085
0.805	0.087
0.838	0.088
0.872	0.090
0.905	0.092
0.939	0.096
0.972	0.101
1.006	0.104
1.039	0.107
1.073	0.109
1.106	0.111
1.140	0.114
1.174	0.116
1.207	0.120
1.241	0.124
1.274	0.125
1.308	0.129
1.341	0.132
1.374	0.135
1.408	0.138
1.442	0.140
1.476	0.144
1.509	0.147
1.542	0.150
1.576	0.152
1.609	0.155
1.643	0.158
1.676	0.160
1.710	0.164
1.743	0.167
1.777	0.170
1.811	0.173
1.844	0.176
1.878	0.179
1.911	0.182
1.945	0.186
1.978	0.188
2.012	0.191
2.045	0.194
2.078	0.197
2.112	0.200
2.146	0.204
2.179	0.207
2.213	0.210
2.246	0.212
2.280	0.215
2.313	0.217
2.347	0.219
2.380	0.222
2.414	0.225
2.447	0.227
2.481	0.229
2.515	0.232
2.548	0.233
2.582	0.236
2.615	0.238
2.648	0.240
2.682	0.243
2.715	0.245
2.749	0.247
2.783	0.249
2.816	0.251
2.850	0.253
2.884	0.256
2.917	0.258
2.950	0.260
2.984	0.263
3.017	0.265
