t	y
0.000	0.000
0.034	0.003
0.067	0.012
0.100	0.032
0.134	0.052
0.167	0.065
0.201	0.073
0.235	0.074
0.268	0.071
0.302	0.067
0.335	0.068
0.369	0.069
0.402	0.074
0.436	0.081
0.469	0.091
0.503	0.100
0.536	0.109
0.570	0.115
0.604	0.118
0.637	0.119
0.671	0.121
0.704	0.123
0.738	0.126
0.771	0.132
0.804	0.139
0.838	0.146
0.871	0.153
0.905	0.159
0.939	0.163
0.972	0.168
1.006	0.172
1.039	0.175
1.073	0.180
1.106	0.185
1.140	0.190
1.173	0.196
1.207	0.201
1.240	0.207
1.274	0.211
1.308	0.216
1.341	0.218
1.375	0.222
1.408	0.225
1.442	0.228
1.475	0.232
1.508	0.235
1.542	0.240
1.576	0.244
1.609	0.248
1.643	0.252
1.676	0.256
1.710	0.259
1.743	0.262
