t	y
0.000	0.000
0.033	0.001
0.067	0.007
0.101	0.016
0.134	0.034
0.168	0.044
0.201	0.047
0.235	0.043
0.268	0.039
0.302	0.037
0.335	0.040
0.369	0.045
0.402	0.054
0.436	0.059
0.470	0.064
0.503	0.065
0.537	0.064
0.570	0.065
0.604	0.067
0.637	0.069
0.670	0.074
0.704	0.079
0.737	0.082
0.771	0.085
0.805	0.087
0.838	0.088
0.872	0.090
0.905	0.092
0.939	0.096
0.972	0.101
1.006	0.104
1.039	0.107
1.073	0.109
1.106	0.111
1.140	0.114
1.174	0.116
1.207	0.120
1.241	0.124
1.274	0.125
1.308	0.129
1.341	0.132
1.374	0.135
1.408	0.138
1.442	0.140
1.476	0.144
1.509	0.147
