t	y
0.000	0.000
0.034	0.005
0.067	0.010
0.100	0.022
0.134	0.023
0.167	0.020
0.201	0.018
0.235	0.021
0.268	0.025
0.302	0.031
0.335	0.034
0.369	0.034
0.402	0.034
0.436	0.035
0.469	0.039
0.503	0.042
0.536	0.045
0.570	0.046
0.604	0.048
0.637	0.048
0.671	0.050
0.704	0.053
0.738	0.056
0.771	0.058
0.805	0.059
0.838	0.061
0.872	0.063
0.905	0.064
0.939	0.066
0.972	0.069
1.006	0.070
1.039	0.072
1.073	0.073
1.106	0.075
1.140	0.077
1.173	0.079
1.207	0.080
1.241	0.082
1.274	0.084
1.308	0.086
1.341	0.088
1.375	0.091
1.408	0.093
1.441	0.095
1.475	0.097
1.509	0.098
1.542	0.100
1.576	0.102
1.609	0.104
1.643	0.105
1.676	0.107
1.710	0.108
1.743	0.111
1.777	0.113
1.810	0.114
1.844	0.117
1.877	0.118
1.911	0.120
1.945	0.122
1.978	0.124
2.012	0.125
2.045	0.127
2.079	0.129
2.112	0.130
2.145	0.132
2.179	0.134
2.213	0.136
2.247	0.138
2.280	0.140
2.313	0.141
2.347	0.144
2.380	0.146
2.414	0.148
2.447	0.150
2.481	0.151
2.514	0.153
2.548	0.155
2.582	0.157
2.615	0.160
2.649	0.161
2.682	0.163
2.716	0.164
2.749	0.166
2.783	0.168
2.816	0.170
2.849	0.172
2.883	0.174
2.917	0.176
2.950	0.177
2.984	0.179
3.017	0.181
3.051	0.183
3.084	0.184
3.118	0.186
3.151	0.188
3.185	0.190
3.219	0.192
3.252	0.193
3.286	0.194
3.319	0.196
3.353	0.198
3.386	0.199
3.420	0.201
3.453	0.202
3.487	0.204
3.520	0.206
3.554	0.207
3.587	0.209
3.621	0.210
3.655	0.212
3.688	0.213
3.721	0.215
3.755	0.217
3.788	0.218
3.822	0.220
3.855	0.221
3.889	0.222
3.923	0.223
3.956	0.224
3.990	0.226
4.023	0.227
4.057	0.229
4.090	0.230
4.124	0.232
4.157	0.234
4.191	0.235
4.224	0.236
4.258	0.238
4.292	0.239
4.325	0.241
4.359	0.242
4.392	0.243
4.425	0.245
4.459	0.246
4.492	0.247
4.526	0.249
4.560	0.250
4.593	0.252
4.627	0.253
4.660	0.254
4.694	0.256
4.727	0.257
4.761	0.259
4.794	0.260
4.828	0.261
