t	y
0.000	0.000
0.034	0.001
0.067	0.008
0.100	0.030
0.134	0.042
0.168	0.054
0.201	0.060
0.235	0.057
0.268	0.050
0.302	0.044
0.335	0.044
0.369	0.046
0.402	0.052
0.436	0.062
0.469	0.072
0.503	0.080
0.537	0.081
0.570	0.080
0.604	0.079
0.637	0.078
0.671	0.080
0.704	0.084
0.737	0.090
0.771	0.097
0.805	0.103
0.839	0.108
0.872	0.109
0.905	0.110
0.939	0.111
0.972	0.114
1.006	0.116
1.039	0.121
1.073	0.127
1.106	0.131
1.140	0.134
1.174	0.137
1.207	0.140
1.241	0.142
1.274	0.145
1.308	0.147
1.341	0.151
1.375	0.154
1.408	0.158
1.441	0.162
1.475	0.166
