t	y
0.000	0.000
0.033	0.001
0.067	0.007
0.100	0.018
0.134	0.031
0.167	0.040
0.201	0.046
0.234	0.045
0.268	0.042
0.301	0.040
0.335	0.041
0.369	0.046
0.402	0.052
0.436	0.060
0.469	0.069
0.503	0.072
0.536	0.072
0.569	0.072
0.603	0.074
0.637	0.076
0.671	0.080
0.704	0.086
0.737	0.090
0.771	0.095
0.804	0.100
0.838	0.101
0.871	0.102
0.905	0.104
0.938	0.107
0.972	0.111
1.006	0.115
1.039	0.120
1.073	0.124
1.106	0.127
1.140	0.130
1.173	0.133
1.207	0.136
1.240	0.139
1.273	0.144
1.307	0.148
1.341	0.151
1.374	0.155
1.408	0.158
1.441	0.161
1.475	0.165
1.508	0.168
1.542	0.173
1.575	0.177
1.609	0.182
1.642	0.185
1.676	0.189
1.710	0.193
1.743	0.196
1.777	0.199
1.810	0.203
1.843	0.208
1.877	0.212
1.911	0.215
1.944	0.218
1.978	0.221
2.012	0.224
2.045	0.226
2.078	0.229
2.112	0.232
2.145	0.235
2.179	0.238
2.212	0.242
2.246	0.245
2.279	0.248
2.313	0.250
2.347	0.253
2.380	0.255
2.414	0.258
2.447	0.261
