t	y
0.000	0.000
0.034	0.001
0.067	0.006
0.101	0.018
0.134	0.043
0.168	0.063
0.201	0.085
0.235	0.098
0.268	0.108
0.302	0.110
0.335	0.107
0.369	0.100
0.403	0.096
0.436	0.094
0.470	0.097
0.503	0.102
0.537	0.113
0.570	0.126
0.604	0.137
0.637	0.150
0.671	0.158
0.704	0.165
0.738	0.169
0.772	0.170
0.805	0.171
0.838	0.173
0.872	0.175
0.905	0.180
0.939	0.187
0.972	0.195
1.006	0.202
1.039	0.211
1.073	0.219
1.107	0.225
1.140	0.229
1.174	0.232
1.207	0.234
1.241	0.237
1.274	0.238
1.308	0.242
1.341	0.247
1.375	0.253
1.408	0.259
