t	y
0.000	0.000
0.034	0.002
0.067	0.011
0.100	0.029
0.134	0.044
0.167	0.059
0.201	0.071
0.234	0.074
0.268	0.068
0.302	0.061
0.335	0.057
0.369	0.055
0.402	0.058
0.436	0.066
0.469	0.078
0.503	0.089
0.536	0.098
0.570	0.104
0.603	0.104
0.637	0.102
0.671	0.100
0.704	0.100
0.737	0.102
0.771	0.107
0.804	0.114
0.838	0.121
0.871	0.129
0.905	0.135
0.939	0.138
0.972	0.139
1.006	0.140
1.039	0.141
1.073	0.144
1.106	0.146
1.140	0.152
1.173	0.158
1.207	0.164
1.240	0.169
1.274	0.174
1.308	0.177
1.341	0.180
1.375	0.182
1.408	0.184
1.441	0.187
1.475	0.191
1.508	0.196
1.542	0.201
1.575	0.207
1.609	0.211
1.643	0.215
1.676	0.218
1.710	0.221
1.743	0.223
1.777	0.225
1.810	0.228
1.844	0.233
1.877	0.237
1.911	0.240
1.944	0.244
1.978	0.248
2.012	0.251
2.045	0.253
2.079	0.255
2.112	0.258
2.145	0.261
2.179	0.264
