t	y
0.000	0.000
0.033	0.001
0.067	0.010
0.101	0.026
0.134	0.044
0.168	0.058
0.201	0.074
0.235	0.086
0.268	0.090
0.302	0.085
0.335	0.079
0.369	0.076
0.402	0.075
0.436	0.077
0.470	0.082
0.503	0.093
0.537	0.107
0.570	0.117
0.604	0.128
0.637	0.134
0.671	0.138
0.704	0.138
0.737	0.138
0.771	0.139
0.805	0.141
0.838	0.147
0.872	0.153
0.905	0.160
0.939	0.168
0.972	0.177
1.006	0.184
1.039	0.189
1.073	0.192
1.106	0.195
1.140	0.197
1.174	0.199
1.207	0.203
1.241	0.207
1.274	0.213
1.308	0.219
1.341	0.225
1.374	0.230
1.408	0.234
1.442	0.238
1.476	0.241
1.509	0.243
1.542	0.245
1.576	0.248
1.609	0.254
