 	y
0.000	0.000
0.034	0.004
0.067	0.015
0.101	0.021
0.134	0.025
0.168	0.022
0.201	0.021
0.235	0.022
0.268	0.028
0.302	0.034
0.335	0.038
0.369	0.038
0.403	0.038
0.436	0.039
0.470	0.042
0.503	0.046
0.537	0.049
0.570	0.052
0.604	0.053
0.637	0.054
0.671	0.056
0.704	0.058
0.738	0.061
0.772	0.065
0.805	0.067
0.838	0.068
0.872	0.070
0.905	0.072
0.939	0.074
0.972	0.077
1.006	0.080
1.039	0.081
1.073	0.084
1.107	0.086
1.140	0.088
1.174	0.092
1.207	0.094
1.241	0.095
1.274	0.098
1.308	0.100
1.341	0.103
1.375	0.105
1.408	0.108
1.442	0.110
1.476	0.112
1.509	0.114
1.542	0.115
1.576	0.117
1.609	0.121
1.643	0.123
1.676	0.125
1.710	0.127
1.744	0.129
1.777	0.131
1.811	0.133
1.844	0.136
1.878	0.138
1.911	0.140
1.945	0.141
1.978	0.143
2.012	0.145
2.045	0.147
2.079	0.149
2.113	0.152
2.146	0.154
2.180	0.156
2.213	0.158
2.247	0.161
2.280	0.163
2.313	0.165
2.347	0.167
2.380	0.169
2.414	0.171
2.448	0.174
2.481	0.176
2.515	0.178
2.548	0.180
2.582	0.182
2.615	0.184
2.649	0.185
2.682	0.188
2.716	0.190
2.749	0.192
2.783	0.195
2.817	0.196
2.850	0.198
2.883	0.200
2.917	0.202
2.950	0.203
2.984	0.205
3.017	0.207
3.051	0.209
3.085	0.211
3.118	0.212
3.152	0.214
3.185	0.216
3.219	0.217
3.252	0.219
3.286	0.221
3.319	0.222
3.353	0.224
3.386	0.226
3.420	0.228
3.454	0.230
3.487	0.232
3.521	0.234
3.554	0.235
3.588	0.236
3.621	0.239
3.654	0.240
3.688	0.242
3.721	0.243
3.755	0.245
3.789	0.246
3.822	0.248
3.856	0.249
3.889	0.251
3.923	0.252
3.956	0.254
3.990	0.256
4.023	0.257
4.057	0.259
4.090	0.260
4.124	0.262
4.158	0.264
