t	y
0.000	0.000
0.033	0.003
0.067	0.013
0.100	0.033
0.134	0.054
0.167	0.071
0.201	0.085
0.235	0.091
0.268	0.086
0.302	0.078
0.335	0.072
0.369	0.069
0.402	0.069
0.436	0.074
0.469	0.083
0.503	0.095
0.536	0.108
0.570	0.118
0.604	0.126
0.637	0.129
0.671	0.128
0.704	0.125
0.737	0.124
0.771	0.125
0.804	0.127
0.838	0.133
0.872	0.141
0.905	0.150
0.939	0.159
0.972	0.166
1.006	0.172
1.039	0.175
1.073	0.176
1.106	0.177
1.140	0.178
1.173	0.181
1.207	0.185
1.241	0.191
1.274	0.198
1.308	0.205
1.341	0.212
1.375	0.217
1.408	0.221
1.441	0.224
1.475	0.226
1.508	0.228
1.542	0.229
1.576	0.233
1.609	0.236
1.643	0.241
1.676	0.246
1.710	0.252
1.743	0.257
