t	y
0.000	0.000
0.033	0.005
0.067	0.012
0.100	0.021
0.134	0.022
0.168	0.020
0.201	0.020
0.235	0.022
0.268	0.027
0.302	0.031
0.335	0.034
0.369	0.034
0.402	0.035
0.436	0.036
0.469	0.038
0.503	0.042
0.537	0.046
0.570	0.048
0.604	0.049
0.637	0.049
0.671	0.050
0.704	0.052
0.737	0.055
0.771	0.057
0.805	0.059
0.838	0.060
0.872	0.061
0.905	0.063
0.939	0.064
0.972	0.066
1.006	0.068
1.039	0.070
1.073	0.071
1.106	0.072
1.140	0.073
1.174	0.075
1.207	0.076
1.241	0.078
1.274	0.079
1.308	0.081
1.341	0.081
1.375	0.083
1.408	0.085
1.441	0.086
1.475	0.088
1.509	0.089
1.542	0.091
1.576	0.092
1.609	0.094
1.643	0.096
1.676	0.098
1.710	0.100
1.743	0.101
1.777	0.103
1.810	0.105
1.844	0.106
1.878	0.108
1.911	0.110
1.945	0.111
1.978	0.113
2.011	0.115
2.045	0.116
2.079	0.118
2.112	0.119
2.146	0.121
2.180	0.123
2.213	0.125
2.246	0.127
2.280	0.128
2.313	0.130
2.347	0.132
2.380	0.134
2.414	0.136
2.447	0.137
2.481	0.139
2.515	0.141
2.548	0.142
2.582	0.144
2.615	0.145
2.649	0.147
2.682	0.149
2.715	0.150
2.749	0.152
2.783	0.154
2.816	0.156
2.850	0.158
2.883	0.160
2.917	0.160
2.950	0.162
2.984	0.164
3.017	0.166
3.051	0.168
3.084	0.169
3.118	0.171
3.152	0.173
3.185	0.174
3.219	0.175
3.252	0.177
3.286	0.179
3.319	0.181
3.353	0.183
3.386	0.185
3.420	0.186
3.453	0.188
3.487	0.190
3.521	0.191
3.554	0.193
3.588	0.195
3.621	0.197
3.654	0.199
3.688	0.200
3.721	0.202
3.755	0.204
3.788	0.205
3.822	0.207
3.856	0.208
3.889	0.210
3.923	0.212
3.956	0.213
3.990	0.215
4.023	0.217
4.057	0.218
4.090	0.220
4.124	0.221
4.157	0.223
4.191	0.225
4.225	0.226
4.258	0.228
4.292	0.229
4.325	0.231
4.358	0.233
4.392	0.234
4.425	0.236
4.459	0.237
4.493	0.239
4.526	0.240
4.560	0.242
4.593	0.244
4.627	0.245
4.660	0.247
4.694	0.249
4.727	0.250
4.761	0.251
4.794	0.252
4.828	0.254
4.862	0.256
4.895	0.257
4.929	0.259
4.962	0.260
4.996	0.261
5.029	0.263
