t	y
0.000	0.000
0.033	0.002
0.067	0.009
0.100	0.017
0.134	0.035
0.168	0.049
0.201	0.060
0.235	0.062
0.268	0.055
0.302	0.049
0.335	0.047
0.369	0.048
0.402	0.053
0.436	0.061
0.469	0.072
0.503	0.082
0.537	0.089
0.570	0.090
0.604	0.089
0.637	0.086
0.670	0.085
0.704	0.087
0.738	0.092
0.771	0.099
0.804	0.106
0.838	0.114
0.872	0.120
0.905	0.122
0.939	0.122
0.972	0.122
1.006	0.123
1.039	0.124
1.073	0.129
1.106	0.134
1.140	0.141
1.173	0.147
1.207	0.152
1.241	0.155
1.274	0.155
1.308	0.156
1.341	0.157
1.375	0.159
1.408	0.163
1.441	0.168
1.475	0.174
1.509	0.180
1.542	0.185
1.576	0.188
1.609	0.190
1.643	0.191
1.676	0.192
1.710	0.194
1.743	0.198
1.777	0.202
1.810	0.208
1.844	0.213
1.878	0.218
1.911	0.221
1.945	0.222
1.978	0.223
2.012	0.224
2.045	0.226
2.079	0.230
2.112	0.234
2.145	0.238
2.179	0.243
2.213	0.247
2.246	0.249
2.280	0.252
2.313	0.253
2.347	0.255
2.380	0.258
