t	y
0.000	0.000
0.033	0.001
0.067	0.008
0.101	0.019
0.134	0.034
0.168	0.045
0.201	0.047
0.235	0.043
0.268	0.037
0.302	0.035
0.335	0.037
0.369	0.042
0.403	0.051
0.436	0.061
0.470	0.069
0.503	0.070
0.537	0.068
0.570	0.065
0.604	0.064
0.637	0.066
0.671	0.071
0.704	0.077
0.738	0.083
0.772	0.089
0.805	0.091
0.838	0.091
0.872	0.090
0.905	0.091
0.939	0.093
0.972	0.098
1.006	0.103
1.039	0.109
1.073	0.114
1.107	0.116
1.140	0.117
1.174	0.118
1.207	0.119
1.241	0.121
1.274	0.124
1.308	0.129
1.341	0.134
1.374	0.138
1.408	0.142
1.442	0.144
1.476	0.145
1.509	0.147
1.542	0.149
1.576	0.152
1.609	0.156
1.643	0.159
1.676	0.163
1.710	0.166
1.744	0.169
1.777	0.170
1.811	0.172
1.844	0.175
1.878	0.178
1.911	0.182
1.945	0.185
1.978	0.189
2.012	0.192
2.045	0.194
2.079	0.197
2.113	0.198
2.146	0.201
2.180	0.205
2.213	0.208
2.246	0.213
2.280	0.216
2.313	0.219
2.347	0.220
2.380	0.222
2.414	0.223
2.448	0.225
2.481	0.228
2.515	0.231
2.548	0.234
2.582	0.237
2.615	0.240
2.649	0.242
2.682	0.244
2.716	0.246
2.749	0.248
2.783	0.251
2.817	0.254
2.850	0.257
