t	y
0.000	0.000
0.034	0.003
0.068	0.013
0.101	0.026
0.134	0.044
0.168	0.061
0.201	0.072
0.235	0.073
0.268	0.068
0.302	0.063
0.335	0.061
0.369	0.061
0.403	0.066
0.436	0.074
0.470	0.083
0.503	0.093
0.537	0.101
0.570	0.107
0.604	0.109
0.637	0.109
0.670	0.109
0.704	0.111
0.738	0.114
0.772	0.119
0.805	0.125
0.838	0.132
0.872	0.139
0.905	0.144
0.939	0.148
0.972	0.153
1.006	0.156
1.040	0.158
1.073	0.161
1.107	0.165
1.140	0.170
1.174	0.176
1.207	0.182
1.241	0.187
1.274	0.192
1.308	0.196
1.341	0.199
1.375	0.203
1.409	0.206
1.442	0.210
1.476	0.213
1.509	0.218
1.543	0.222
1.576	0.226
1.609	0.230
1.643	0.234
1.676	0.236
1.710	0.239
1.744	0.241
1.777	0.243
1.811	0.246
1.844	0.250
1.878	0.254
1.911	0.259
